2 0.133209 0.927509 0.092524 0.030979
2 0.385998 0.817224 0.049566 0.030979
2 0.715613 0.889715 0.054523 0.027261
2 0.600785 0.773234 0.082610 0.052045
2 0.475217 0.763941 0.062784 0.040892
2 0.362867 0.736679 0.059480 0.035936
2 0.173689 0.720570 0.061132 0.028501
2 0.077034 0.716853 0.033044 0.030979
2 0.097687 0.779430 0.028088 0.032218
1 0.096035 0.173482 0.183395 0.042131
2 0.632177 0.231722 0.066088 0.052045
2 0.798224 0.223668 0.067741 0.021066
2 0.937836 0.200124 0.089219 0.028501
2 0.701570 0.187732 0.082610 0.021066
2 0.273647 0.211896 0.079306 0.024783
2 0.440520 0.228005 0.066088 0.027261
2 0.688352 0.285006 0.066088 0.024783
2 0.794919 0.289343 0.071045 0.030979
2 0.885791 0.356877 0.047914 0.034696
6 0.747831 0.333953 0.122264 0.018587
2 0.685048 0.418216 0.066088 0.028501
2 0.690004 0.525403 0.046262 0.019827
2 0.255473 0.564436 0.072697 0.023544
2 0.183602 0.449195 0.047914 0.028501
2 0.111731 0.421933 0.036349 0.038414
2 0.129079 0.327138 0.034696 0.037175
2 0.085295 0.285626 0.042957 0.021066
2 0.166254 0.257745 0.066088 0.022305