2 0.326518 0.296778 0.115655 0.055762
2 0.483478 0.333333 0.158612 0.057001
2 0.929575 0.389095 0.099133 0.034696
2 0.701570 0.367410 0.112350 0.035936
2 0.747831 0.431227 0.052871 0.029740
2 0.897356 0.451673 0.071045 0.028501
2 0.433086 0.407683 0.064436 0.022305
2 0.469434 0.449195 0.054523 0.023544
2 0.571871 0.502478 0.176786 0.033457
2 0.364519 0.355019 0.079306 0.033457
2 0.938662 0.890954 0.041305 0.034696
2 0.972532 0.957249 0.033044 0.030979
2 0.720570 0.943618 0.087567 0.030979
2 0.836225 0.956629 0.057827 0.017348
3 0.756093 0.558860 0.076002 0.022305
3 0.864312 0.640644 0.080958 0.027261
3 0.259603 0.874226 0.130525 0.070632