6 0.123296 0.233581 0.171830 0.023544
6 0.092730 0.361834 0.156960 0.024783
6 0.156340 0.600372 0.142090 0.026022
6 0.629698 0.869888 0.232962 0.019827
6 0.593350 0.912020 0.090872 0.017348
6 0.903139 0.966543 0.118959 0.024783
6 0.544610 0.796159 0.082610 0.023544
6 0.699091 0.789343 0.117307 0.012392
6 0.853573 0.599133 0.188352 0.018587
6 0.946923 0.470880 0.097480 0.024783
6 0.728005 0.481413 0.109046 0.033457
6 0.057208 0.909542 0.082610 0.024783
6 0.178645 0.932466 0.074349 0.021066
6 0.679265 0.718092 0.084263 0.013631
6 0.841181 0.716853 0.077654 0.018587
6 0.249690 0.669145 0.117307 0.022305
2 0.585089 0.181537 0.100785 0.033457
2 0.758571 0.151797 0.041305 0.023544
2 0.921314 0.149938 0.052871 0.019827
2 0.154688 0.147460 0.033044 0.019827
2 0.067947 0.161090 0.034696 0.022305
2 0.242255 0.177200 0.033044 0.022305
2 0.310822 0.175341 0.038001 0.028501
2 0.384345 0.172862 0.036349 0.021066