2 0.315779 0.715613 0.051219 0.035936
2 0.899009 0.824040 0.071045 0.027261
2 0.794919 0.799257 0.054523 0.039653
2 0.661917 0.810409 0.112350 0.024783
2 0.386824 0.859356 0.097480 0.033457
2 0.769310 0.616481 0.056175 0.033457
2 0.813094 0.550186 0.077654 0.037175
2 0.673482 0.498141 0.152003 0.034696
2 0.574349 0.429368 0.062784 0.035936
2 0.495043 0.439281 0.042957 0.033457
2 0.290995 0.446716 0.061132 0.030979
2 0.150558 0.190830 0.084263 0.019827
2 0.757745 0.267658 0.122264 0.032218
2 0.656960 0.210037 0.085915 0.021066
2 0.432259 0.164188 0.052871 0.023544
2 0.365345 0.092317 0.044610 0.008674
2 0.396737 0.781289 0.077654 0.030979
2 0.475217 0.749690 0.039653 0.022305
2 0.588393 0.737299 0.051219 0.024783
2 0.663569 0.701363 0.042957 0.037175
2 0.793267 0.694548 0.077654 0.023544
2 0.240603 0.595415 0.092524 0.033457
2 0.165428 0.836431 0.054523 0.019827
2 0.216646 0.809170 0.054523 0.027261