3 0.647873 0.464064 0.137133 0.043371
3 0.579306 0.518587 0.042957 0.030979
3 0.496696 0.855019 0.046262 0.017348
6 0.818050 0.179678 0.044610 0.024783
6 0.934531 0.184015 0.076002 0.023544
6 0.379389 0.183395 0.076002 0.022305
6 0.144775 0.263321 0.072697 0.018587
6 0.363693 0.328996 0.114002 0.021066
6 0.459521 0.461586 0.041305 0.018587
6 0.539653 0.465923 0.049566 0.022305
6 0.871747 0.522924 0.056175 0.022305
6 0.213342 0.642503 0.084263 0.018587
6 0.304213 0.646221 0.061132 0.018587
6 0.376084 0.629492 0.059480 0.017348
6 0.410781 0.609046 0.052871 0.021066
6 0.071252 0.685254 0.110698 0.027261
6 0.301735 0.804213 0.112350 0.019827
6 0.207559 0.875465 0.099133 0.018587
6 0.552045 0.885998 0.120611 0.017348
6 0.831268 0.852540 0.071045 0.022305
6 0.308344 0.697026 0.076002 0.018587
6 0.440520 0.703841 0.132177 0.022305
6 0.108426 0.917596 0.069393 0.026022
6 0.266212 0.918216 0.107394 0.022305
6 0.404998 0.923792 0.100785 0.023544
6 0.576002 0.931846 0.056175 0.019827
6 0.693309 0.933086 0.089219 0.024783
6 0.815572 0.941140 0.076002 0.018587
6 0.918009 0.943618 0.062784 0.023544