2 0.082817 0.349442 0.156960 0.039653
2 0.108426 0.442999 0.211483 0.035936
2 0.937526 0.479554 0.124948 0.061958
2 0.685874 0.529120 0.199917 0.052045
2 0.487608 0.562577 0.120611 0.029740
2 0.728005 0.656134 0.300702 0.026022
2 0.922966 0.609665 0.132177 0.022305
2 0.319083 0.849442 0.107394 0.033457
2 0.483478 0.826518 0.112350 0.047088
2 0.647047 0.809170 0.142090 0.037175
2 0.813094 0.780669 0.104089 0.034696
2 0.937010 0.766419 0.087567 0.050805
2 0.830442 0.379182 0.128872 0.044610
2 0.622264 0.412020 0.095828 0.033457
2 0.294300 0.489467 0.080958 0.044610
2 0.137340 0.520446 0.087567 0.034696
2 0.514870 0.237299 0.092524 0.030979
2 0.467782 0.349442 0.080958 0.027261
2 0.302561 0.387237 0.094176 0.033457
2 0.872573 0.259603 0.133829 0.038414
2 0.847790 0.159851 0.104089 0.024783
2 0.737918 0.187113 0.092524 0.042131
2 0.641264 0.218711 0.064436 0.023544