2 0.176167 0.791202 0.062784 0.028501
2 0.368649 0.819083 0.067741 0.032218
2 0.250516 0.871747 0.059480 0.035936
2 0.333127 0.715613 0.056175 0.033457
2 0.269517 0.700743 0.034696 0.045849
2 0.509087 0.708798 0.054523 0.027261
2 0.697439 0.734201 0.061132 0.030979
2 0.617307 0.628253 0.062784 0.029740
2 0.699917 0.588600 0.033044 0.024783
2 0.782528 0.577447 0.072697 0.037175
2 0.766832 0.535936 0.038001 0.018587
2 0.962309 0.521685 0.075382 0.044610
2 0.860182 0.478315 0.059480 0.032218
2 0.748658 0.492565 0.041305 0.023544
2 0.515696 0.603470 0.051219 0.024783
2 0.349649 0.667286 0.056175 0.023544
2 0.648699 0.822800 0.049566 0.037175