6 0.475217 0.288724 0.122264 0.032218
6 0.750310 0.384758 0.143742 0.033457
6 0.973048 0.735440 0.053903 0.033457
2 0.366171 0.856877 0.118959 0.033457
2 0.201776 0.806691 0.077654 0.042131
2 0.184428 0.758984 0.171830 0.048327
2 0.069599 0.588600 0.077654 0.032218
2 0.369475 0.557621 0.076002 0.039653
2 0.293474 0.414498 0.185048 0.040892
2 0.284387 0.281289 0.074349 0.049566
2 0.146427 0.267658 0.072697 0.039653
2 0.967575 0.969641 0.029740 0.026022
2 0.696613 0.957249 0.082610 0.065675
2 0.493391 0.876084 0.033044 0.042131
2 0.458695 0.960347 0.066088 0.044610
2 0.342214 0.950434 0.057827 0.039653
2 0.282734 0.897770 0.077654 0.043371
2 0.158819 0.974597 0.047914 0.030979
2 0.521479 0.787485 0.062784 0.023544
2 0.523957 0.828996 0.104089 0.022305
2 0.372780 0.775713 0.079306 0.032218
2 0.531392 0.750310 0.122264 0.030979
2 0.597480 0.618959 0.102437 0.033457
2 0.876704 0.557621 0.092524 0.032218