2 0.789137 0.473358 0.145394 0.042131
2 0.794919 0.526642 0.104089 0.017348
2 0.963445 0.547708 0.041305 0.019827
2 0.901487 0.526642 0.039653 0.014870
2 0.806485 0.666667 0.067741 0.034696
2 0.735440 0.626394 0.047914 0.045849
2 0.652003 0.571871 0.059480 0.023544
2 0.741223 0.576828 0.076002 0.021066
2 0.616481 0.527881 0.090872 0.019827
2 0.662743 0.508674 0.160264 0.016109
2 0.281082 0.498761 0.163569 0.030979
2 0.311648 0.536555 0.059480 0.027261
2 0.557001 0.763321 0.156960 0.024783
2 0.609872 0.819083 0.120611 0.022305
2 0.613176 0.877323 0.090872 0.027261
2 0.774267 0.887856 0.072697 0.028501
2 0.740397 0.850062 0.084263 0.029740
2 0.840355 0.842007 0.072697 0.033457
2 0.898183 0.914498 0.076002 0.034696
2 0.977489 0.803594 0.039653 0.043371
2 0.934531 0.750310 0.076002 0.038414
2 0.965097 0.690211 0.064436 0.057001
2 0.877530 0.691450 0.038001 0.059480
2 0.851921 0.625774 0.059480 0.037175
2 0.878356 0.573730 0.085915 0.032218
2 0.953222 0.623296 0.093556 0.037175
2 0.619785 0.684015 0.156960 0.042131
2 0.489261 0.531599 0.114002 0.032218
2 0.756919 0.421933 0.133829 0.030979
1 0.129079 0.845105 0.097480 0.019827