2 0.167080 0.837670 0.034696 0.034696
2 0.113383 0.861214 0.059480 0.024783
2 0.342214 0.843866 0.038001 0.027261
2 0.354606 0.794300 0.042957 0.022305
2 0.233168 0.849442 0.034696 0.026022
2 0.172862 0.736679 0.033044 0.028501
2 0.087774 0.737918 0.061132 0.033457
2 0.614829 0.671623 0.067741 0.022305
2 0.622264 0.642503 0.049566 0.023544
2 0.780876 0.636307 0.059480 0.030979
2 0.770136 0.796159 0.031392 0.028501
2 0.737092 0.832714 0.038001 0.022305
2 0.691656 0.853779 0.036349 0.017348
2 0.625568 0.876704 0.046262 0.023544
2 0.528914 0.874226 0.044610 0.026022
2 0.452086 0.840768 0.052871 0.030979
2 0.436390 0.874845 0.067741 0.029740
2 0.420694 0.768278 0.069393 0.017348
2 0.830442 0.837670 0.059480 0.022305
2 0.891574 0.853160 0.019827 0.030979
2 0.960140 0.799257 0.028088 0.029740
2 0.891574 0.763321 0.036349 0.024783
2 0.944444 0.742875 0.033044 0.028501
2 0.680917 0.717472 0.034696 0.034696
2 0.661917 0.747831 0.046262 0.018587
2 0.762701 0.707559 0.033044 0.027261
2 0.616481 0.820942 0.031392 0.023544
1 0.131557 0.682156 0.105741 0.040892
3 0.926270 0.568773 0.019827 0.042131