2 0.627220 0.325279 0.095828 0.040892
2 0.757745 0.312887 0.062784 0.023544
2 0.861834 0.298637 0.059480 0.017348
2 0.842834 0.326518 0.054523 0.018587
2 0.979657 0.295539 0.040686 0.013631
2 0.524783 0.320322 0.056175 0.016109
2 0.449608 0.343866 0.041305 0.035936
2 0.210863 0.359356 0.049566 0.022305
2 0.149732 0.345105 0.046262 0.016109
2 0.072078 0.354399 0.059480 0.024783
1 0.054729 0.517348 0.054523 0.021066
1 0.300909 0.654275 0.054523 0.022305
6 0.479347 0.893432 0.080958 0.017348
6 0.801528 0.939281 0.054523 0.007435
6 0.725527 0.602230 0.047914 0.012392
6 0.931227 0.435564 0.033044 0.021066
6 0.410781 0.504957 0.039653 0.018587
6 0.288517 0.516729 0.026435 0.019827