1 0.708178 0.434944 0.185048 0.059480
6 0.948575 0.381660 0.057827 0.029740
2 0.760223 0.878563 0.071045 0.039653
2 0.900661 0.962206 0.097480 0.030979
2 0.723874 0.796159 0.100785 0.030979
2 0.311648 0.777571 0.062784 0.030979
6 0.097687 0.981413 0.156960 0.032218
6 0.062164 0.922553 0.105741 0.028501
6 0.046468 0.837051 0.087567 0.026022
6 0.181950 0.405824 0.034696 0.033457
6 0.612350 0.272615 0.062784 0.024783
2 0.962619 0.273854 0.062784 0.034696
2 0.894052 0.302354 0.094176 0.022305
2 0.920487 0.855638 0.140438 0.030979
2 0.553697 0.938042 0.054523 0.027261
3 0.167906 0.909542 0.072697 0.032218