1 0.496696 0.915118 0.171830 0.033457
1 0.158819 0.866791 0.147047 0.033457
6 0.504131 0.741636 0.163569 0.016109
6 0.761875 0.620198 0.114002 0.021066
6 0.352953 0.638786 0.115655 0.018587
0 0.297604 0.231722 0.067741 0.019827
6 0.048121 0.789343 0.087567 0.027261
2 0.671004 0.685254 0.064436 0.037175
2 0.645394 0.553284 0.056175 0.033457
2 0.301735 0.581784 0.049566 0.023544
2 0.266212 0.561958 0.051219 0.023544
2 0.900661 0.379802 0.044610 0.043371
2 0.420694 0.204461 0.066088 0.019827
2 0.416563 0.246592 0.061132 0.022305
6 0.521479 0.858116 0.105741 0.028501
6 0.509087 0.641884 0.143742 0.027261
6 0.157993 0.697026 0.066088 0.026022
6 0.226559 0.665428 0.117307 0.017348