2 0.500000 0.853160 0.056175 0.045849
2 0.649525 0.905824 0.064436 0.042131
2 0.704048 0.856258 0.094176 0.047088
2 0.868443 0.871747 0.056175 0.038414
2 0.740397 0.949195 0.044610 0.037175
2 0.708178 0.987608 0.092524 0.024783
2 0.931227 0.730483 0.046262 0.040892
2 0.922966 0.675960 0.089219 0.038414
3 0.943618 0.371128 0.047914 0.033457
6 0.448781 0.734201 0.095828 0.026022
6 0.843660 0.622057 0.135481 0.024783
2 0.143949 0.446097 0.133829 0.042131
2 0.057208 0.500000 0.092524 0.045849
2 0.582610 0.341388 0.066088 0.028501
2 0.724701 0.312268 0.052871 0.029740
2 0.795746 0.292441 0.049566 0.022305
2 0.873399 0.306072 0.019827 0.022305