6 0.414085 0.600991 0.125568 0.027261
6 0.090252 0.876084 0.142090 0.022305
6 0.078686 0.934944 0.148699 0.021066
6 0.295952 0.527261 0.117307 0.018587
6 0.086121 0.488848 0.097480 0.018587
6 0.389302 0.408302 0.082610 0.021066
6 0.204254 0.292441 0.165221 0.014870
6 0.281082 0.166667 0.166873 0.026022
2 0.735440 0.101611 0.051219 0.024783
2 0.927096 0.074969 0.047914 0.023544
2 0.638786 0.104089 0.049566 0.024783
2 0.313300 0.087980 0.039653 0.024783
2 0.221603 0.091078 0.047914 0.030979
2 0.513218 0.092937 0.046262 0.019827