2 0.830442 0.816605 0.109046 0.034696
2 0.522305 0.840768 0.047914 0.023544
2 0.356258 0.916976 0.056175 0.019827
2 0.320735 0.848823 0.061132 0.024783
2 0.187732 0.798017 0.049566 0.029740
2 0.118340 0.739157 0.072697 0.018587
2 0.107600 0.700124 0.054523 0.022305
2 0.181124 0.682776 0.056175 0.019827
2 0.294300 0.682156 0.064436 0.023544
2 0.219950 0.607187 0.054523 0.027261
2 0.669352 0.600372 0.104089 0.018587
2 0.655308 0.697646 0.039653 0.024783
2 0.776745 0.741636 0.057827 0.026022
2 0.718092 0.755266 0.029740 0.021066
2 0.842007 0.759603 0.039653 0.022305
2 0.826311 0.650558 0.038001 0.017348
2 0.663569 0.647460 0.049566 0.013631
2 0.852747 0.480793 0.034696 0.027261
2 0.738744 0.482652 0.054523 0.033457
2 0.682569 0.460347 0.028088 0.026022
2 0.735440 0.429368 0.057827 0.023544
2 0.632177 0.390335 0.036349 0.022305
2 0.651177 0.369269 0.044610 0.017348
2 0.356258 0.355019 0.052871 0.016109
2 0.238125 0.434325 0.031392 0.028501
2 0.193515 0.514870 0.031392 0.021066
6 0.447955 0.083024 0.110698 0.017348