1 0.500826 0.793061 0.097480 0.034696
1 0.167906 0.966543 0.109046 0.057001
6 0.125774 0.540892 0.074349 0.018587
6 0.500000 0.302974 0.066088 0.011152
6 0.447129 0.291202 0.033044 0.012392
6 0.827138 0.283767 0.085915 0.009913
2 0.147253 0.290582 0.173482 0.021066
2 0.713961 0.263941 0.071045 0.029740
2 0.869269 0.253408 0.064436 0.021066
2 0.958488 0.248451 0.044610 0.026022
2 0.524783 0.265799 0.138786 0.026022
2 0.740397 0.092937 0.041305 0.024783
2 0.660264 0.101611 0.046262 0.034696
2 0.303387 0.128872 0.062784 0.024783
2 0.284387 0.289963 0.061132 0.042131
6 0.618133 0.838910 0.087567 0.022305
6 0.824659 0.730483 0.054523 0.018587
6 0.483478 0.728625 0.056175 0.017348
6 0.413259 0.714374 0.051219 0.016109
6 0.291822 0.719950 0.089219 0.019827
6 0.389302 0.636307 0.095828 0.018587
6 0.428955 0.605328 0.062784 0.013631
6 0.289343 0.919455 0.100785 0.022305
6 0.417390 0.822800 0.079306 0.024783
6 0.195993 0.866171 0.138786 0.019827
6 0.395911 0.461586 0.105741 0.013631
6 0.273647 0.505576 0.102437 0.007435