2 0.496696 0.684015 0.115655 0.059480
2 0.823833 0.682776 0.092524 0.037175
2 0.785006 0.742255 0.209831 0.039653
2 0.641264 0.756506 0.084263 0.026022
2 0.813094 0.798637 0.150351 0.030979
2 0.682569 0.803594 0.067741 0.030979
2 0.847790 0.846344 0.100785 0.042131
2 0.965613 0.835192 0.068773 0.029740
2 0.243081 0.753408 0.087567 0.034696
2 0.385171 0.799257 0.084263 0.037175
2 0.098513 0.794919 0.135481 0.040892
2 0.091078 0.687732 0.100785 0.037175
2 0.205907 0.708178 0.062784 0.021066
2 0.357910 0.667286 0.039653 0.028501
2 0.048121 0.643123 0.090872 0.039653
2 0.267038 0.563197 0.145394 0.033457
2 0.097687 0.577447 0.100785 0.054523
2 0.233994 0.615861 0.095828 0.027261
2 0.385998 0.609665 0.099133 0.024783
2 0.747005 0.345725 0.041305 0.034696
1 0.876704 0.361834 0.161917 0.037175
1 0.486782 0.581165 0.122264 0.032218
2 0.846964 0.457869 0.118959 0.045849
2 0.969744 0.448575 0.060512 0.032218