1 0.421520 0.807931 0.104089 0.029740
6 0.805659 0.707559 0.079306 0.022305
0 0.480173 0.770136 0.102437 0.035936
6 0.268691 0.936803 0.118959 0.022305
6 0.278604 0.695167 0.092524 0.017348
6 0.473565 0.699504 0.072697 0.018587
6 0.886617 0.617100 0.072697 0.014870
6 0.384345 0.438042 0.085915 0.021066
2 0.734614 0.237299 0.152003 0.033457
2 0.856051 0.224287 0.054523 0.037175
2 0.495043 0.242875 0.099133 0.024783
2 0.088600 0.267658 0.085915 0.024783
2 0.222429 0.262082 0.099133 0.023544
6 0.522305 0.638786 0.094176 0.023544
2 0.712309 0.065675 0.061132 0.024783
2 0.634655 0.072491 0.038001 0.026022
6 0.195167 0.845105 0.147047 0.024783