2 0.426477 0.533457 0.123916 0.030979
2 0.770136 0.727385 0.107394 0.032218
2 0.716439 0.799257 0.118959 0.019827
2 0.788311 0.855019 0.150351 0.024783
2 0.962619 0.951053 0.066088 0.038414
2 0.959005 0.697646 0.081990 0.052045
2 0.945271 0.568154 0.107394 0.038414
2 0.939178 0.508055 0.121644 0.047088
2 0.806485 0.604709 0.057827 0.024783
2 0.912226 0.616481 0.110698 0.030979
2 0.229864 0.773854 0.054523 0.028501
2 0.495869 0.792441 0.074349 0.018587
2 0.463651 0.887237 0.052871 0.017348
2 0.884139 0.889095 0.130525 0.023544
6 0.680917 0.573110 0.137133 0.026022