2 0.261256 0.285626 0.080958 0.033457
2 0.288517 0.363693 0.049566 0.030979
2 0.300909 0.327138 0.071045 0.032218
2 0.825485 0.299257 0.049566 0.026022
2 0.560306 0.337051 0.028088 0.029740
6 0.672656 0.330235 0.120611 0.018587
6 0.217472 0.355019 0.023131 0.026022
6 0.203428 0.429368 0.071045 0.013631
6 0.742875 0.420694 0.029740 0.033457
6 0.599133 0.434325 0.155308 0.018587
6 0.960967 0.781289 0.069393 0.018587
6 0.828790 0.785006 0.165221 0.018587
6 0.950743 0.824659 0.098513 0.016109
6 0.770962 0.626394 0.066088 0.018587